4642
9246
4244
5155
9482
1428
6814
8527
4245
2854
4554
7250
5466
6909
7647
4653
2056
351
9322
9861
2923
261
2122
4431
3592
1244
7105
9247
8459
6668
7545
9735
7910
9722
9086
3735
4320
517
1360
2610
4022
9734
4614
3865
4663
16
2117
7675
9889
4360
1935
3010
6815
5142
692
4944
5304
7821
768
8596
4636
5973
8812
118
8685
4809
1460
9040
8322
7698
1698
3713
8121
669
9437
530
7189
32
5780
2808
8099
5838
7474
2874
3049
2493
6204
508
5422
1095
4071
8933
1418
3978
9574
4428
2647
969
2351
4730
6772
1324
2793
2101
9097
5311
5298
5821
7855
737
6580
9746
1288
3965
3480
7863
1545
5236
8733
9121
7384
6596
8096
5771
9829
3440
4946
562
919
2346
9366
7068
3012
8265
6914
930
7109
4194
1349
8378
7314
2734
9836
84
3881
7317
6473
9175
1626
5316
8824
1763
1094
8293
1317
7193
4854
8901
5912
8408
7270
4104
6393
1911
9046
8117
8820
3846
9807
4184
9851
5336
4675
9874
150
5181
2930
4037
742
3574
536
6009
6000
1341
3219
2523
1920
8753
7350
385
3671
3853
7065
1221
5832
1764
6041
6919
8036
5781
1109
4679
6768
1265
5753
639
1535
5137
1798
5763
5321
564
5735
6539
4608
7562
1512
4567
2322
7187
6495
3552
9561
4041
2263
3187
2061
4206
8127
2644
1091
6346
6648
7877
8264
7985
5163
4122
4020
2667
9833
9759
551
1938
3399
1152
7149
839
5667
6378
2146
1419
9230
9925
3430
6616
381
4519
8878
5701
2506
8397
9805
7425
2353
951
8021
9429
2287
2707
2202
8911
7144
1111
3307
8222
6137
9921
6823
9202
3767
6361
1242
7339
8893
4694
5718
3260
9408
7232
9536
7026
727
985
4462
1861
9645
9319
7506
8325
734
9587
3614
4594
3598
1284
8636
8440
2274
3069
7620
8678
2046
1779
3534
1441
7439
6537
1990
4103
9546
4489
2825
5915
6327
7559
343
7327
3147
7573
5805
6906
7102
6302
5619
489
7550
2564
4737
8703
563
9640
2500
1146
968
6779
8194
7592
2240
2756
3004
9196
8373
6402
4957
9270
5052
387
4804
8125
1415
7671
1222
558
9480
1257
6782
4356
5037
4487
3306
1953
7747
716
4926
5999
7987
8062
8755
5880
7104
9538
7492
8260
7566
4687
3738
4513
2839
2035
1730
1515
8615
441
2526
4979
7894
9951
3300
9984
8786
8418
8481
19
3580
4396
9708
8934
4903
3324
3586
9464
5393
6299
6079
8884
9936
2728
6730
7890
3585
7974
6112
7347
9364
6960
3952
155
3924
1270
2521
255
7552
3722
800
7632
720
2411
3493
5008
3835
8644
6922
1389
5209
4552
8841
939
3276
5186
5669
7125
8454
2559
2799
8124
4373
1055
4752
6992
7368
1357
9667
4685
570
3966
9559
5742
8741
4931
2875
3769
2619
4929
465
202
5882
4652
5431
3244
1867
4474
7871
7609
7200
2069
8608
5468
2216
638
4692
2200
328
8429
561
3773
6476
7922
615
6700
